 222  6 37 8  2  192
29
45 238
232 6   2452  02341 2 4 237 5 29243 0 2 242 259  2272 1 732 1 654 1 122 62  24295  55 688 2 724480285 6 54841  45
147 24258 0 1929545 2214227444  7 8 272 54541 61232 555 02 45023 4271  82 26841 10 4129   1424  1 12841 2455628
95 12654 2 74  1 17445 6 1423235  335044 2355612 53  238 112 130
2 2 93291
2   5416645429211 54285 829   0 28
 5 2584 49554137 4 9 2
433 74600 281 1 80859 7 34225  4336 15972 19 6231421730 2 76542275 4399 854 2  1522 54182 5 
29454922 20540 821494541224  

4460 1469751 9 84  6 5 139 44006485
1 21452251519 5831794852 5 4 14132 
22   5409 41 2 5 8 7 
 069404197 2 8 2 345925805 18431 2   1 25416
125462235425  742924551 649 1274565 350 126373163 552 2   1323 372  451962552  23 825 9062245 1216841 2 8 522
 41  44
5032 1752286034227 834 9 59 3841223781 2425192893219415136946137 2 122 74  286 3   284 748 0427700 138111 70 862 2415265   236 1 6 3 2 348 20 40 8224545 29141234111973556 2 674 7 262323  1 24451 245 52323 6 4984126 1 2 14780324  26374 4 5 261 148 41 57562 
3 51 1 1 326 1 556 3 1424150 733 2 7 28221   1 2  4122294532458 15 152 253 5224 43288519 1 8 5  415129 93130 853298447272465 1764262 
4 05  4178854192 6415295 1 055780385 1
282 9
28841 25  122451 2275414673426  242  3552 941 
37356138 34 4738 9 731 135 436
9348 656 54 28  39  72425421 1226759 61922 23582 2454122  21227557 14 8
323 317 724796   21 
54
425123 5245951515  2
 22 26251 2  
115 85522 0 126759155 2 1 268 037 841223141   4 1 9 451 2 444 2 443 18 4112354 32 78839 15322 84237  1177985202 13522 151   4
52 1761267 4 19234 1313553 67441 2 8 573 40142 1812891 12283 63253  9  4624 4 216 3 4723 8 1414159
  24121 43112 44 123813 244 4 62441 27041317130 2 4422  28496 7 5 9 35232253526   52 042244407 29270032
11901353962 209 631 512 5 021 5  25 1 2 2 
30 1 541  
4 5122 82127 5 222 535 249 9 0  31 08 1
 22722 93  12128 122  22 2 7449
814138 0 22 85   2  
6 6854
 925314  
412 355159 2 1377726 384 1 1 5 1273  19638   93754 1 815 2  32 195 1 248 16 453106 450628 51 7 7  726141 22731 232 4   24252 25199 1502248   2 8 5
 143 2
821 1 938 135 5 2 663 8 7 140 7  49 2 331 255 1 79512424336638  3 975 
5032 04040503 5 483  182 24  912 4 11232 524694140 4 242   12245  2249 1 98225 297 2   74160 351 6 541 2 851 25257 1658  2 751 151 7 24543  28157244 2 544 242454 2231 1265 41  85
 192 5 80155 9 7   1  4  12825 1214 2   76654  052 27444 2 7
92195 53 865222 5 1 2 84102 5 54
3632994540 642416254 199 242263751 2 2 
 23 51 484 5 45531 9 2462126529229 1 9 3 1 855022  1 22  871 9 6 527 80 06 2 1 126 236  51 6384284 9 2  3 5549 44232454196
 141 952   695542 7551
23255 448320  05
2925567 50 412 53222   1 04 4  744 1  4  1  01512745 19221555147 1 2 6 9 67551 346 11187456541 2 1 8 1 104 2 938 122  3349323622215 22485620 851 7
850  78 3 75 826572 1 2444 22
342 6 0 659 5429 78 129 1610924599184 5
 9   55 52513426319  544227  0 127 5733  14240  0278410 204142
6 121384  9 15622  51218842588  0064441 448 0 235 1 236669279 280356 5251 14725 97  8 1 745 1  55 2222741104851 1  022  8  31245  9 24462324212  6532480
0  4312255 7 7 5 515 14122955191 72111 9
51   73692   7 21444 2 44
87 242 2 2027060 120 545 233 664 8 4 9 84521 5 0  22 72240 12 8425264807223743 9 559 67926224 5132588 2235056145 923364052  4    341
27
59 2854 41654132 142 2 211  4941 9 8 177 
467225 192 01162 121 2
556 6 102 24  1 74031 1 955 2
23 142   5 25 12914866 23939 2653101 8 7 3 5 5 6 1 1 945 622 837  54 692544522 842 1 5 101
5 51230 1404581 7023827414139 
46   14228 1 1
227 1 247 39957522  0229  8 132  522247 22738     13 924434 2 8 02  44226 141405  1  2 6642550107355  1 150  61 27 3785
 98531 1884112 9132201 1 2 250 2 8 12  64135 4517  711 1 5 1 94  5 6  2131 4 
 256 2 135 2 2 5 10259 5  854421 5 1 7 85928583  282317 42 74223 132   7025451 728 02145 1 2 1400 38 149 640 8552125 8 1734  0170 92 9014  5 211 29241 0482529 551 272 93878 124 8
45   835 14 403997  684221 78120372 4142 3 5 6
7 1725 85210441 2 238  5131 2 4 9423842 265 0
252   0 545 965 22949    4 42 3331225830549 1152  5 126 24 13 2 43724 277334927 54    160 2 445 13 57 2 1 9 9 3 1 241 0223 4147 54112 842  3  
 23    2224112864726
384117 8 1 724 12748 2 28214 64659 9002102 1 10 48 0  5 
171 442 065 197484 25714160 8112245 0 652 820280222   2 072 120 

5 2  51 2 411528440 172 122 3 1 262 0 841593 49 2728 222266 0  4346 5
5239495 5427851   531 7 8 547 2 296 5 5229830304851 24 41 231 1
 2454222 855 221 2497   8 41 1 7 74122 2 122 705 3313 4238 192244157 8 03135
1 7 1455243412
78314234 2 27885 58  127825 223 51 921212501   6 061213521
1 0 1 97252 2 252 751 9 274 5 2 4 1408 5  2 84 06 441  325221 
49 1 5 2 9
46197 11522453662 2 1 2   5 1 5
81 2 24152 542 2 764429842 348860  7   250 3 241 5 6 
24
0 5
227284  003410286 36282 7 22    2 3 1   1 923 349   5 1 5 9 132 742  4081  25   
47 2 0 242 5 5 7458  0524044 25538   1 2 0 547 275 149 70595 806 7  41 3
3 2
03 1106 64  760 2   75621 741 2 84136
7 25 2314022454165224  944353  2 5422851 445  22 3 7 23 54 12542994  423 5 12545 1025541112  259824111255196 645922039934 11 7 0 1211535564 49 020455 6 217242 12965410045 5422 41 1268909 27212251137 2 07 23 0 685 212  21 7 1 1
730 336 892 2 1 22 68 2 243 7
 26
 1 1 0 9124 4798 5 2 988  2 543152615
42  44 73  233 95  73541 2 1 192 644 2361   82 9
2575103 289 6 1 592 25121 
12 249 35255 2 2 243 2  8123454192359122281562 7 2297   290411 245 1 285 122724162004121 546 2 14   4787 2 9 12285 22624 5 23544 2 3 6 2 5
 122635112715  2 0  5 4542512402  48 14  5 5 8 7 122  422252  42 825  8 49926 3752
541 651412 65 620478 2 35511741 33925 6   152 434 04773 1 2 52126 1302  3
1 7992 
9 2 32266 123 65 24 14721 014 2 1 5272414 94151 2 441 1 551 0214118 97 3  95 22 541 23453 5
37 9 2 3 148 43 99345126 382  68 7 248316  751 23 4018  4 
2 14 2229
2 2 8  1964 1 22840 17 41 5 85221  019 2122364147 221 11746 269 849 72459 52441 271543984 161 4516290
5   80 29 4 5 232850 3736 149 95525462 44 1 92833928765 863417742412295 120 8 2   2 6
91 8142122 306615132 791   0 127 23001 242 28451  
 10158
8
29 02 423  3217 76322161 62 452245 1 02731 767 33047 12  506095137 35371 6 243 224 110 1399    36743519292312
 549245532 0 9  2746 29 33 563  4
 20261 3 53 22279
48 303 2 2 54 4 53 245 
213841 7  
4 4745
 534 414 0 3 22 2 26524116945 1 5 0113118
1 045 12 5151245815 448 7 24455 2 341 2734295650 224341124 11 2 0 1 1784 22  
 2231 29249 127 4
623 3 1 233 1 790 5 9 542228744 7 2419274 22278 4  754 5 35 12
7541  61 0472955527232 25841 235 2 5 8 728 9 132
52 5203  49140 1064121 0
58262 5   2
22569 625 9 841  364122 62   5
 1 888 3 7 2412985 2 547 1697 
 56  416221462176 93 8 4
99 1 76908 4 241   6 2 6   1 143 040 26131273  1124  192 8 26 9 52928 51214141
5588116 4 9 44  12745 7 2 347204524 94  
278155 769 0
95 141 54241028 4082 5452624  52 545 205 701 8 12928 86321 1222552228 31 6
8520 8541220255 22242 2255   32 5428 012  2 1   5 21742 2  42 15218 122 8 1 3 452 2984122 8 1 523 5 23 4619 2 92178 5 2355
2232 11234 1253142 2 255 2 7 6 1754 2782 1 236512728 1 56 
7343 7 522 5 12  14461464930  4 232  6 32    2 157 2 2312645 1 2 55177 7 119275022404
 28561232241    81 7 240 7454
2234 1 024913190 52 4 29 2944122 
42 1988226 521  97 05 31413649 3 26061 388319248 1 9 8 1 1474   38 19   55
0 15292 1 6 2 2446643 1 2 15529
2  1374051 256  11  61 0  122266 2 2 241175 
921 827 9 35449   1 2 2 12445 377 5 041 539 767 02   4119 2 2 1814579 8 793831232  415 3  03  21
76 9322102   13251 128 193     2 24621 3952  2422946 13724 132 
514136529665 20748527245 121548532 3 942 426474031
9 2525 25541 8 1 2
94282262101 22 5 214    4 8 2 498 1221441 19851 144902998 1655341 366420  247 54551 2  5
 3820 458 45 54 55 56143 249022237221244 2 781 2424420   3   1 774272 5522 24
5260 84298 2 131 1223743224 40 22 4 2
4  1 575 172 6 21 310  17 516746
 14770423 2921 28551 8  49 246 132 85412 111 774 122383324 5127 68 2 1204  25  72288 04793 0  43 1 920 1 250 227 2 21277 9220851 648 72 48 443 1 1 24143385152265001 12041 4 2007201 59 41 7 2 9  
1754120 54139 5541245 1 2   15665 4 242 186 9 6 25356 2 1 162

15  0224146  4  2 23 2 748122925883   1 1 2 88295221274 16945 51334 2 5755136 431 22841 746 194453162 141
2 8 1 25349924532 295 5 6 8 6   8396232 222347 2 21 1728 46625510   7 1 6 78319   31206 1033704228135 24031 634 2 7 1 1 2  4 273440 23107 141    2551
 72541374540324  122
735428  6 1 14  88502 235312  7306 384 26 0412144 7  24 0 337 59  77682 3 197  31 2 50291754181 3414848 5 1414792 14  2 8320222 152853022 1 216 841326541 2 2321
68559620   4474224   9 2 44231 2 9 782 15 25 8 101 1     1 23
41 262 5 0 5
75 2615222 041 64  1 245 0 2 345 247 3 6453247 3 21088 2910355 9
6 2 70701  25 0 7 041 035 4303506 245 1   241
6   22    1204743 7   1
24643265207 935 22  809 9 16126 544
2 34412 53112224217 441 1914  2492929
541 2 459 26851295  1 2 1 8  31217922 1 74 25  
4  15  2 101654952  33   3 02644 102 6 142 441 29  222 5110 5 4252 35  22936215 52  24 9 548402295 1 22545 72241 26651123556 23841 244 223 4 61101413193 5224125  88 5 4 241 2 242 249
3 1 646  05 127 7124278554143 1 16  5 2 1 3  8  2 23105 9358
 6  46 1 882
2728574   32 1 93127 12 21 9  27 45154 8 0   543 7
5 192 4554 45  12 1 2 
 85
 2
5   2 501 925 127 43  284431
4511 270 1  3101 9 2 4  4241470442563191 645 10 78311613 6 048 12    0
2   127 541 2  40 946 7 3445229   7 245 117 5 94144
0428341 94449
5 3 0 945
5022 71152 5522 4749138150124642  382129 64 4636 92442441  211 7422192 63097 8 2 7 15622 8 1 237422 934 2583 2 0263 2  1     772227935 6 8  2073 5 1 525 884 0610 452
 8 9 303   9 082 25352 291 5  7139 20082967631442 4121 15627285122 552 928 12937 19244 1 2
78311222412195318 51 2 2 7 12 44 472 2 121 5 242 84 623061 44255
6564 42114122 141 2 3 0 14 5931 851 07 012241 1 6302166 3 12  8 492 2 1 0 2 5904 3875863 0458513794 822465
623442 28147228501 2 24921 841224  5 18 49 1 54 2428 1427812 2  5 927151 6 843422  0
9838 2 2 5 1 2 5 122 12522 552
27 51 2 24 22 8 16165 242 241 94465 4 221 24512222156 2 5 62042 226 4402075 5 2 53622152237 8 1 94 5149 747 24522 24231  2 3 7 3 8022 4 53238462825  28   12140 272454  7  4117 551  55 2 20455 68  1 265  2375 1  0 1111 3263 45
4342552122576 5963 222  80 245 127 8 0 222218970 211462241 15842 1 12525 9 77 515  11323 150    4111 3 7653 846 41 27592416632 6 234 1223841 291 1017  1 9433287215 09 852 2 27 24 55282 5451248110531   6 9 90 3 51 73 4522 812 93 3266 63592
5
122 15520 212 7
 24068 002933355 252 146 0 25 7701 2 22 7 8542119501 248 1  5 
0425159 94 7120 866 0 841 171473  542 387 3   45225255922 93
222451 2465122 4 229 745 284 22   4 2640 1 92
45 96041 15631255552 958 5429 0238
5 45295   62741434331363546923631 13151 2 6
2126537
99 82
17784322 0 022414319 
412721 19221 9 2 5 1225 5 19 1 2  24 8 2 14  5 246 655110  531224655697801 92841225
81  4241 2 845915 935 31
1 253 5 15 12 7 550  4 5347   82138 1 222

124    2   
4752472293 9 4454122781222 5 21436512  161 8589722 184 1481122 2
 7 996322745 52846571250413 4 5522 54122 341 99  512 145238346
328412238   4 85156 454 282253 63 5226 4192 7 4 2 601299105384941228 3345 655 14531723131 7 5524521 1  55 228 852 243 225 045 24761 2  4  443 13641     3517 2562 6823 9255 585624192 9 0233049 9
 1 1 9 3 1 624 
2  691726  2243435 275 792854  2 12172305132 4512 6258 6 057 20  21828 929 541
928   29  1 897512  2 23248432245 1279852 253 1 225222203459 96 260 25452 181 2
862 12 4 31252422 551 3258193755512 441  3107  88422124312985 1 2 8 16 2 21
2 
34
  2540 18405 2 891 7 256 26155  7  20208 541  
122 231627640 5525 4 47 06  6 12232455 38 1 534 99332 2 28
 206354698 52 4261549 26 1 62 28252921 7 
5796 241 2 451   35
2245 122 8 1 22501222510 2 2336145 7 28 557748604756 1 73504   1 1 7 5116047152  241 993
 8   7 1 5 294568 32
7
481 2 44 3535176  612 278 106640312 581 72 22 1   2   3 13793 19 41 6  55493275 1 
2
52 2 33222 5 1  05533244 532 54
425 2296425 27 2 2 222  21 1 132 231 7 563 0 3 2 2 8 
23 233 8864  755 572
732598119 641 6229  522  441 752122   925
 351223512295  247 2
1 24831 6 8 76220022138 142 422358551 2 88 3 31 1 37  2224 2065918421414242    32 2 12236
1 8 2 4 9655121655982 45 22 332 1 5 1598084 34041 345 42225 1724 02 24 5012 89222   2326340 2 141 2 261 2 4 
27492126348    742 7 162 26249 2 5 1
 2 2 4 9 441 77532215221 2045 51 8 0 52450 24331 748 211 8  8292 142044567625 2745 6228853 2 7514192 001 09  153 232 7 3 5742421   19755 5288031 0 2 2 948   674 396 310 23541  513281 550  7841 24586 03541 245 7  26 4 2 112729  32208 321372119 5 1 69 11 601
 121 0 1 2 2 599 841 233462843 5 24 4538 8 3 633 154965225 201 2 3  9  4 2257 21 25 583098 1 17291 22044463 45 65135708751297841 635 1 1 6 9 23625624612363751 092 12245 
26 634 2 71841 8 1 969 127 152264 25 2 841 9  45  7351 75 420222814201 1 17541
9 5 6 1
57 1 14022 234 2 4 9341241 62 545  625 029 055 26541972454 201 122 44
97 8 5 7 5 152 2596
9047 2 2 3 2 04  5 0512291 132  21 6 24 20 551 2 0 6 9 1 62 55 5232141 2 921194741 740482  2812226
1722052 635322 581522 0822  2455237 31534419141 1 6 5 42 2244 67252
27 246 5 7462240 137 5 1 982 252 123474849695  762404 4295 1 950
141404160 8 74544 522 1 625604151  012921 2 22 5320 4 2224501521641  4 8113262 2189422
 4 869 1   1750510485  1 5 105 5     111 8 2 1 19151 6 75157 481 245 1724 462  7412738 1 2225972 5 1 272
4 2283 82233 2 9425 27 543 2 55 2195549 6  7 370 1 6 85 198145 581719  4542258 14725 07248 1 3525  92802 
2241 2 041 23841205215 9 262 2384121 84437285 2025  424 72 2 42  24031484841  8 5441304252 7 5262211 2   4374  1624842427541 175 1 4 30158 542 37
56 2
8131 13862 980 2164  1 7 49022 4 1 1 85 423041628 5
 933 1 1584522 8429442 14671 12245 223 054 27 
2 7   30  54174 8 522  2  2 1 13636 7225012  90 632582169 23247204122 44 2
85 74030 2  8031924146423
 2 2 845 258 1262 41 246 2254731
23541 221 152215129 840
694 812  5 1 205  865031 86  
 2 441 172
0 5 9232273 1 2262  27549 263218 38 669714392 851 2 281   6   7 2 641 1 1296
 2 2
1 43
81 2 6 55923 517  5142 94781242
52 23331 9 2 7
275 222 6 5    41 1364251 4422951529623 14234 569 
21 231 52731 19  5   9354041 3
 132985524  421945 12663 2 23 42 2 5489995 1 278  20  4121 20  232 22 1359 245 0
2 7 60 495123 6312  2505 2 420  521 5 9438 522 9875  6  5 322741322  52 928 6 275 2920511 774 167 5 0 2 8 1003545 24549 7 8 1  31 298 5 1 7 2122138 5 2
501232120 48  0224675 2
 4 222725222  47
2824  7 8624245 1   581 9 241 7 2   351 5 62163   5  5    1 747  2 82 3222855 14652265 4644 5 562  55 2 125 0557 59441 2155522 4049 896442025 1  7411 23230 3 8 2 1 45122 645   14379 141 9499 01 554226831 94 11 2 211 0 55 2 5042  7820424959
 26  342 549 3   3 22  722 842 2 831 535 1 2494  2825272 4 329 845  9  1  
0 12 625 2298 1 2 4 2243451 101 3 235   275  224141 7635059 1 125
5156 44 128 2  22 1 3   3 022524692 1 1220341 2 221 37541    41 185
1 727 4
 2555 2 54126 55123 1402144 32 4211 221
 1 15407 9  5  2 5 120 6 1278  2 7  34 8487162  05 2 141 2 4 179 045  25314 3453 245 132 15442 845 7 24 2  5419277113
225472 8 5 24901 2 1559947540294 842 1 4024  2746155 29151 1176538 825002 3  2384 23 50 49 182105402 2 54567 8645 51 2 992 157 151223142  
4556  45 4 9 340 235 36 41117 44612048 2 2 955 78534 745   9
15 914556 23 412 444302415919 84   8736 740 728  564  5 422 82 19 0 167 241262059 2  
22 2   2225492231424161113218212182 1 2 24 90
9 2224357224841 24441 2 44 20807   22 1  8146222 024232312  541
 2  41429  592995 32 83165   1 14  0 27 41   5 2 2 585 7 541 252543  2
10188 2   0 2 7  7461644120 531 2485244 1 5 345 52789416297 522224  84405 9 5 6 05 2922 5 22234  3148  7241 
 26  91 453 4928525262314272 13288 2 124 1966542 94241 2555 4243 1 2  55 6 4
1 287691 828 4 6 346  783699 12  10
43 8319 0975 1762432 53244 4314572 8 620224492 5 9 22  7 248 147586122 143 1 53211625172   0   8441  
122
   5  483 274572224
4521 5412248 7 79161 24401 28552 225012125 967592539
056274 8  2
524370207 23 22 225 6 2 922 7
0531 951 02 4 63 22732   87 59 0

460 8307 5 1 2 845  85414234 1 222 4928
8472 782 241
2 
 730 95 1121230825  452 2 3722 149 0 04 93458822 8882299520  845 69  29375 134 4 462724 67 4 6  284842 86466 815 9 521 2 5 1   4521  245 8 2 21448401187 5  3836 22 52
22 1419 84 106 544 347413244 19224  015   22 542 2 895 1520 72 549 2 480 768 161 241012405 4   119 2  39 445 1 831 2 061
29531074231 281353595 8465111 323 12 53410 92 2253141 986019
98 2
262871655 12165 06237 1 261 1 524 
26 85227434149 10 35 8 1 9 301 205
11 2 5279788 3223646 2 4 193425 297 41 04341  445076 4 24970429501806 3946 24 
6 2834 27484627 
31 2  9442  55  9442 235 2 825 021 5 5 142413638
 9 51 1 721
5 7  39307241 22811 559417251222 8551 29749213151 231 12570 141  7572 4
6 28685513 3162  325732 993
 750677415 23651 2 8122972126 3  19183 1  32431242312945 1312 32 5 2 124
5 12924433 4 3  698 122 249  084606 5  02 125 28841227845 83811815451 22911 2 3 53765 74931 54246529041 1 8 8 2 146404772  894532 72821 6 14  2  422788  39  2222934542 5 1 4 34329 2 0
0185 55 3381 2 8 1 2 4 9 1433129 1412791 1370   17 5 6  45 357484212 52102708192 1 53  8526942 1   8 511 453594851   14920 1 291 232 3 0 1  78 0  353 4781 10248  2255 74678 5 2 8243 26522270 024 241 735 113 1108 025672 59322443127  41223749  2  1 523511738
 221 7 446 1 1   2 021 256 928 1 242 2 3
2 1217541 1 84  745412
 2   22031 338 24291 857 73522 331 5 551 79041 25843  48412641 6919 4103424 59 23120 3462 78 739  849255 156 89641 1 5 2 2 062354
28 74  741 39254 24330
6 5484102 513324451 246316 35 14  44192
3748 268 602 80 2 4459293 492  1 1222 212  1 5 7 040 540412 77513625535298513195 195 4 149 04  28 218 25 1   1  
2 5402285 16  915 1 5316286  16 122 2  5 194651 2   099 749 74  7 1   1 2
83  275 6292145 742 5 6 55  3355  37540304551 659419677 15978 1  17 1
220181 2 74  184 192 845 2 343 22155225531 2 0 1525442  44 0 2 2 122 842 2  24620544 24  122   1 7 9 1 1  2133 7 101
1412240 15135 5 2 8 1 24 35 6 4 124 8 1 27577299  128 2 5 2 4 14742 4  41194 26 1
255514244 1 23 51220781 0   47 8255 0344 0 4  294 142 9 2
34 1 2  7284412135 5492949 24571 6 6 106034142456 
423 
317  2 6 22
 2 6 
 2354 72 932026   3  0 3   2 328 3211  8552  2 5 2 6616299 7 0 7 30
 2672 4751 984 6 2   531410418 5 952 1 0 2 591 5 555725540 1384  1725050 1  2744422934 5   8 8 76509222642 9 6 6 9
2  5 25 5  15545 75152
286   2  4 60 4 1663 495195  7244 122 131   431 274 184 255 47181 6 1 00 
542 5 641 15  12 8 32 736 9255131 6 44592 9 1 6 351    412631461223 1 62066 394155295 52471412
751
97 2 12  34122 302 926  4
 455 585  42 721325 45 7   52  8 1
 14555 676422548402054 2 227421 623122 252 2  117021 10 2728223831 2 5 5 651 10 40 1 0 44119 7 
4  541  3  1217346223152 14510 25741 363 07255 1 521 1 965 677 2 5
2 5 2 722 352 4 14242 4 2   12  5 1065  527 7 1  8422 27851 935  47 3 2623542 23
46 208412  8
52 25 26922851 97 5527 1452131  41744299 489 23649 15  4 376
 50   123 1 1 984892875 191 1222295 0 94422
1   6617959 242 025 1 26
 5  4293 527514

2 7519  21 417653978552 942 22228 2 8485422 78126
8 0 272525224  9 01 22217 44125 01521 032 24036651    547 2
65 4 22331  26 1 47342322001 24601 32041
648 127352145 8 167 6 1 
 831 941 522 81162532 275021 2451
97 2 71643412 23 472104    8 92241 1   451 921 0  8356 24 2136 0 1 2 34  92441 0 3  2  54  4 3 925484 2247 0124 042089 1 2 230284  14920 22 43 123 20793 521
215181 544 17045 226 836 90251
7327
72 5 162493231 4 55 3512 940519 88 1923540222552  8831 092 499 56341335 2185 129005328 1  9
9 41   8 0 9 2 5 6 36  9 
46 7 807 9
1  2  8 239 231 2 251 2484 2 384 97 512 285322691052 75489535 261359424 73122
1  004541 4 5
 372 5 2 08 4
 25956   185125212226541 240512785 172 8 0 9 849 228 2 26582 944412845 2428 412225
5 8 342628 5122     
 2 352 491 9 811 4 1 0 0 851   5559956 1
6 7 5  35 046 1 8 2 147 08 47   201  41415252   632 1492254883541 034  
621 922 5 12222 152 8   4
32
17924521    3 7315 5 2 36 34  368 846 7 0926 2  122 7 1 415 32131  45 3 5  4441 740 5 576 674 8 1417 432  9 1 7 1 22154  49 34141828
 820 1 3 0092 65 02255 12  13329 230 024 1 9 8 8323549 2414
02 512 549 5   252 738 422 8 192255527 1 2464187 238 7 0 5 5
26  32 9409123 544 25  1 6454 22 28
  78 1 2 551 33 27 0 751 7 8 6  40452  46169 142   7  032241  45 922489022353529 221 27721 2 171226 61  4136
1 1 26152 117240142 44151   5 0 35822 5 1 055 
129 42 223 172 3 162   5274461 2 2 526 35
   54  7 047
3 831964 
 0222 41 2 146 077   8 
62 25829 2276729 3 22022 424 12953 801328153274471 3  462 704229 5 237 82212 8 132 211 1 4 0394  1 1 522773832 24425 2
141922331 256 10  1639668 1 24547
1
7 02141 3  354122 2 85  5430715 02277 0 138 2
7 2 6 521 22  2 166 79 224 4  4
98 1 14111 276 24238 1 232524
52414 98 1 15842 984 2 17351 9 4411726 174 455 2  51 72345 2 8 0 7 5 2 9 441  3542 9 227 245 84254 9275 21 424 547 7 125 2 0 995 293 452 27  50235 1 
2441192172 2 6494455124286 1 2 2  04 2 117 266 220
272 55122 54130 5 027 249
21 2 116474926 268324  12 263 022  2293  1 721 0 2445 37 1 632 1 53240 2 24881472847 2 1 11261 22278452527 13330 026344049  41 28530 2 18 124040  2  60247402225 1 735 02455 96251 5 2 74122   6 146  3283 6 29745
258 1 19041 2 4 9124 4129 1901971 1  93413265
 1 951 1 2 1  02 54
614 09 5 0 2 2 55102 54199 541222   2975 211 341   53 39 4 1622 4729781 6345 0 28534913302 2 44229445922 125225
4529 2 1 0 54119 23138341 2944419045 5  3  147341296 80  2 6157265 2 5 24
7222243      58  502 5 9 1704262
63332 
 0 122 229
3851 2 230  6
44 1257177921704  4
12 8 932
  7 281 91702 2 636 1925 41 14356 2 6477253412255 534654622925  6 041 74231243 41572201 025 1 4 7114508 16722 29 75 26245 9273 25 24   3965 31265 1 775  02 53536 8 12  54279 7 452 852284 6626 0 162 542 278450 6 85
 1 2512225 21208
5 
 1  8234 96 3431376  72 31  3748 222 5 14245 12
   1368 1539 681 2853  2 84442   4 76 412725020   51 230511 20 0  7656 662 48132 092 64242 5 397 5 128 2 2202549 7 053 297 29770629281112181 123540236 8 11148 2
282 102 3612255893   00 24 
42 6 8 1 0413712 550 0  309220 12895 7704  13 8502  554327
1 4 1 14 22 82592 5  52433104 5   24511 175  5542314  3 422 10129 35 313511279 413653 4 9 5 231   1 2 1942345 122 5 1328536225  3 4385 22 64 22 851 66481 19340
29542 5 521 1 239 7 7 127 5
122  81 2
 4 01 7131239649 2 
 702 5489  822 6 8
22647 1826551 64  148325 2 5175 3 04272490522 4 99748 2 22 3
 9 3519  6 13572
39282 12  9412 4591 82
 038814462304  2   1 4 4 22221 2  78 219645 44     9 4414
32 1223545
2 1 105 236 24541 29  562430522 9453272 221 6 2
1228 4 2 881
15  9 24511 2 
522193 2 773 5 831 34045413 
5 2 04641 245  2  17124 541 223  37 851 2 3 2 375122285 622 1 16743512 49 1 17  2 898 1165 32 643 4 24123459851314  5 131 162644 972042 6984638 510922 49 2 
 1 33551 81 32 2  4 22 20
65 101 132412234
4742  313 7734 9 1 2 235 102 8  47   1 205312255 251773130 7 1524021224 41 868 12 41 0225 45 88541 2  51624 91 2013 224 56 7    92 149 4274 473054 28 72 363289 9501 2454229414522 115  874290 133 5 571 
40
55 70
1 12476 7 128 125 4 2 25 70355
 2751
024 52 1
351477454297   12124074151 1 2 5 1 2 4 141 082 6784 3  5 22  651186151 5 241 7 24822815129  00 8 4 472330
4029   8 5 167428    736 773 1 2886121 5
6 59 7712 931 2 1 021 440 265 192 45
374435
  5 4956445 2 9 1214641 95541 24341 7784142 041  1601 27241 6 262
 4 241   64 524 242245416794 36515 7 22 52  47 1 9
5 12
54 20  5 102 55137 1  6942 290 8 1 78 31 2764809 5448 8451617
 23 48561 3731 98
410  8 16 08 532 15  2 24722 7 132 7653848404222 5 265 262  11 2   277 2 1 255 972514412675422324677 541 26121 14355 933
2127 448 258 538422 2 48 6 1 0 150 5 1 212426
80 1 2 11938 232 2 201294201 9 565 2 3 122 80602564132  211  8415
 3 1  55412255 1829 4 6 4152719 5122 5 136814 01 331 384 222 24  62742 2 84617 8 8974351 2 6 16 854 2741 128 44    85102 2 5 224 1
685011269    
48 12 8424224
 
 777
5231 41 6 89262458162 12
 2 0 1 73  626 54217 16377 35    442 2 2429 784422585252 8 612 451 74531 6 142 39 4222 101 2344
 6 8320 3  9 238 507834  9 5 9024 21 55657 458
 39053133 8 19237562  7 5 054012934 132361192 7 16
845122 1 137 4 0
 27740253654 22853  28 1 224 621 0 1
94651268 24 156 1 160011  0 223 834 1 5 1  4441 24 5  5476491 
3252  4  672 51241 11205 19 56 12 2  1  41 1 6 53167  212
67  7 854 6
  40 75681  453046 1 924 551 208 1054851 26 410  1  28 0 4 22 
692 1 1 2 5221268 92284
22 68056 14247 0114 2  33 373841
0 451123552 4 431410  6 
26 99245 12205 512   1795021 2 542  4641 908 569 5 71241 1 96056   032282  1 6 5
64671 2463 419225 1 24559 9 552023527   531189
 2 4 5511644013
2256424141425291
2 251  5 
2 23532  394 22 7 5 26205 2
 
2562 65  63641 341 67726 0210845 6511162 7 1 7353
 

 22 248571293 172  41 9 452 228  37 23 2 85 39216352234 5
23502 275 1978412929482 223 1  43 3  486922 2 12752413121 302 14057 1 422 802 2  414
4056  65 2 8 2 92231412244 242624
 3  55  2149 47153916447
07  412934 2
25 1027  4126 54112524502850 226531 28  222 242 1 5 6227  7 7 50 92315224 7 95  7783261  20 1512745 1923 41 9   89944 9122741377  4 0 3 142785153627592 6 2363511 5 8 12461 112 6112948924 45 1 23 4 21 1 0 7 55  2745122 8 1 27441 2284122 741  3 
7220 211523256 42795
05 5791 4 1953053425403 2070 7 6881 27342 955 171453 2 45 523  41334555 2 291 26 41491271 7 65212 87190480711 8 82 2746 235552292 942 54663 5419205 97   08
8 1 1 5 4 227 9 272 74497 8 1 9 4 8 82531 2 731 34721 234  223 412  35 6
 33192
 3 9 9 8 19  1504698410 2802467  113353142 2251228422510 
 644 212 3 8 1 8
072 551 2215142 5 646
540 26485914
41 1 3  913 15 721 1 84255 24  0 18539623841 17849223240 051 6 2710  2 44 29484 222552273441 23  192274 336 0 79 8 
 27721 
49 2     292 0 5 983 1
 241 12220 327 14121 0 156583197 545 12  525 33  6420165 74726 223 2524521374129   1422514 275472288 114 5 1 2
81821 224 3 7528222 12762554978  31 7 2  4
 3 2 24 91  41 98 41  51 997   527215 27432 92 1 1916256 288002 8521 1325222 2 2  2541 49280 956 15275
   8 847 84 21 3 1 017 581 6 5811284  5942 2 115 82277 10755 1 948 96265 1 2 550413 0
222251 94451 22
 1 6 8 2290  9 244704721 4462531924 51   5465 81 1 2 5 19157 525 5 1   45226 8 1825 3 252842 24251 1  41 53 49425848
258 2 5 332299 334  451 2439  6221532
45312245317444 23245 146 261 2280652  4
79 68529425122 211 212 1 29 30 663411290191258 5 2 24 224143 2 221 0 1 127   1 6 8525 28 2 6 4312 3891 6 4
1 2864912475972 832778971 0 622
1 191713854287271223  
22 582 78549263
219268 5127 35  4842 2   222 04020 548
6081 0 18251224224124 4120884234 5 994 31825 9 022 3 15 7 819  24 99 891 2 14102 8012
 6 1 273 9 2 641
1800192
08518 1 6 2 35  7
151 05375 2 151 751 292 5466 0 8 173810 
 1610235 6 97332 3361 
26 42 788 4 54  12221 276 2311   0 905 4 9 0 437    1 1 547 288
5148  41 2 38942 701 24855  4802292  54829 290 3812226 2 54031    9179 52 128441223519  85512986 1   0 185 2 128 6 12255 
222  1
281213 48 1   4 3324545 6 1 1  24519

8 921 5 1 042222798 1 25539 20 42 2 80621 5 1 2 8 027584123 215 2 1 016 1182 625 183   22
43 111 8 1208
 2 7 2 242   2794821 2 306324142 281422730412 624145 8 421244162462179 845   59

24544 23  0 263 6 291 
2
25 922
74023 44402365127 1 141213242 8353  5 120 6 1458522 28562 28   227549 22791121951255241 2 441 23  49 45 57155   23
582 22 556
271
 7 3  995 61 1454530
0 12431 2 2235126218 56
2 0 404 1 69842 28511 2 037 234529924 4  35 998 5 8 22 3 37 8 132 251 93541 734
18755 0 73  8 0 73524 1 506 804 2 64 143459 154 1 2 945 296 6 2
61  7 45172454410 52621 28 26 246414511294851223371
2513127 161  15
51 272 4227545 2 251 2 2 92288552 455 62 75131574 4  042 5413962 059 295 11  12272 1312255 1 62
  6250 7 38 5153 34 2675 2 34141362 9 215 583 44 393
2 05 6541420524658148 7712192774
22486235 5 5 22340 244 149 8 22646541940 7612355928305 2221121 9412148 1 2
8 0044 75692 9 1  451127 3  720 50219551 6452242  55 9 146 2 5 2 777 192  4 22 541924  1 27041 1  45 2580122 04537 5 62 6481404744 2 453  38411935451 475 4241824622  6 229622 5  22 4330645   24142 182 2 05  2 624 1  3201727 41 60  1 2   1 155 5 2 54 644831
29 441 559 62  294 060 422     7
8 4  5951270
532 7554884545243 4007 84122   151 189   74922 03122804136 6 2 64583 9852322304 7630   9 6  1726 
2643  22023122 1
  2184141856167 6 10109 22942452437 1 283 50245 1 2283 68734548 2
 27414147 7 3  2  6 25 
692  
 17375 5 7 8 5 1 9  2  48142 5 222835
95301 2621 12  82132 8
042 133222  
29
4 132 6 05247 1224149 9 7042358572229 1 955 15 359166
911216441903 1299 561   8 192 85 437842228221 283  7 9  1 24032 722452239 1 94  126 201  4041127241 6355172 549
73 07 244 1 1
68514 21568602 1 0  5122 1 242752071892212 8 6922 42328121527485 63 9 693181206841980  4 243 147 501 1 44  9 2 17762 831 50628 521 051 95734 5 244 1224141 2874391 1519 3142 9 342   7 6 5558 629161  6 37 92
11294 545972 42  2 1 5 2   62545 047 5 265 142 744
  634157 24142 7912  53  2453039 10020 3 3 6 351   761422 41 24 4 113942   8 36285 4322 35 6 
5129   1 125229135 22685 13257 5 2 834 627 3 2   692 15727 1  4908 7 27
 1 7785746 5 4 2353 274 51 4675  29249 532 1200 55147661 0867153 81179 5 2 24532 1 2512231
40  2550 2 2 1  535152854222 371 148 472 9 25722452 2455308  5 94 5697264152 4 290644  2  513259122 
1 591464112 4 1 1 152 7304 279541403044422553 0 357   857 9 452 
2521 2353094 5 525  51 9 1412741 547 2 1 934
2 7 655 2562 4 714 22   50751202  8 123 531 1
 841 2 4 1 2 526223541222 12   1 157  22 84444 927 2093 43 1   3 6 7412 2  0 9095622703114 24237    9 3741 42
4 2281013 252 22  4  7 2 128 8511 
545320 4 26  45 27232223558 90
02    40 2 243 149  420549  5851 2715191432521044  0214057 055624 8620 84627 
 1
4 41 31748 122444282
5 212
1 9   204 1 240 2682  2 7 1 2424137 2 12248 822 156 251 1 5 541 2898196 
46 28 32 6 50    241056551674241 0 44
 5354122 219 2455949 5 1   751 5720729 5 1 4833188 05292314638 851 531422646 734   7 2 2524621 4 8 2511 41 967217016  
42 580 2 2   152 2 1 7 5 592 4313 35 1 27141 2 2 1 73 4121 1 162 4 6 9 5578 3 421 28 1298 32 2 611 34531 1 1 6 2343262 5 134 3
6 8 1 6 1654
6278573038424538
56 50  290751 24 5 22 841722543922
 1 2 291
 45 1 23
51 271 5 00441528 41 24 117   3551 501998847 8
29219 3595 1 21111 897 8 1 9
 
1 2229451 7 5 04223415
 142 236   720 13 16 1 2   19703 12231422082344858522 22 1 1141176 76947 322243  17179 0 240 12552 5394 6954 1 92 2 251271419938 12713219811 6 26  1420 9021 
21623831 84341 1 0 1 94222 9 8 13
3641208  7
21405   25 3 6 7 5 200215985412735123   
 07224   94  6  149409  147 840 798 777 540992641 9 551414751 678449  451414031 22 5  72856 241 5
27542 9720 2
  34 2 064 25  1025 26 24 42  61 2 2 5552  2 3 225422 60 52  711 7043212 12538 19    821 2 5 227
7542145
4139 551  5582 2505132 551 228406205 49  5 1 5 1 1 2 83722  1922 0 991 5 1290 36   54782 5 56244 112453666 4 36244 1 2 85 32 54522 4 2 822 2999851   4
1 1 331  43 1319531472 41 695 1240 22 2 1 2 281 6027441 24
35 0 1 1 231 5 107 217 3 145 451 3315926464121
00 93292 14287 562999 2  541 751 2 266 235 81167 2 2 2 827 9 45133435
61085926  4229 531 7254 234 413272 4 635 126 5 127 58  6 551 2 8461  3 122870252 8 1   407 64  5  45 7 2 3414132 12   416
454 2243717  75122 5 
 2 2442 36 25225493672 6 246 191 1 54 003 
 203
5
25940 270 1907046 2 731 2 1 5 24732 1 3014838 5  751222 8660922 6 304 2 2 1 726402 2  2 27138 7 526412  545 2 24192  21 838 2234  2185201252556 9 5 1 18520 2 152 244 401215791294329 8   125072  4 5526 5122 7 7988441928541   551 22542 18583 620552640
7112 741 23449294  8  28  22 541 7 4 2 145 2 243426 7    0 44 35 6812  53
 23    9  3 32 6 5 1 541 230 1 1 23167 884 2  31 278 1   7 5093110413242 28141626361 8 552 0422222  49  92529 533
 411 1 0 041 9 8 6 255 1593 21 9623273 7 22    22894 147454200 85337
3  2 68155928 40  1215 9 223 9 47162
5    43   2 14512 131 273 7 951152798 1 23521 9 2520 85 1   8554240 1 152 4 1 98443 5 9234712 288 10295313222 2 28845973554424546 542429 4542214 31 941 
 1 4411651422  412221 4 22 2 5422
13 2 55
 0 541921552 162 030 2 1
2734 2 2 5 21725 16970 1 23 6231 54
985441 2386526384
 24  129 4 232  4 2
44 5 2 8402  1113281 2 22552 1515  188 3043751
2 3 16 44   251672  441 2 4 4484  3614541 1 1 539 
3332586 22 242 3 55179 90247 4 1 94541 455452922 1 2 54222 1 14865 1 32  1    51224 
6132 8 1 7079  2834199 8 1
83055 57 4332 021 225 1 26 51320431 0544157 281316
  26245   
2   20  1294441213  1 24
 
211562925361 235312 450 284652 3584143 3416 5405245351025564   2 59145 1  02456592 556324   75 55666 13141 5    4296   123
  997474129 2 136
 84 31 94122973687 8 421 125 2 504 144 26921 6 102 196 032   5 1 9 3 5 2 0 2 1 5 2194331 44134 9430125  4 994541 725 2 69 61 29 0 2270  218541224840 7464
6198 8 8088121 3 7 7 2 229 441 7  5522805162 4 587
45882 8 1 1 7 12185 24676116241 1227 15 9955
22 634
30 841728  221555 2188405155 14 37215084412  4 53365509385 5 2 871 2724112

 132 8 1 2455196 521 24721222822 1455154 54991   5 045 1  891422  45  42 116 20726 44112 7 59 40 23 455072 3
719 555 300  96 201 9 224 8 8 1 1 951322  6 2 24092 6 1594  1 25
 992  
42 731 2226540 250 1253548   869
 8 81420  1 2716122 14 2629 4 57 12 2  17 255  26 5 6522141 24248 14541 1 6414 455962 2 1 3 041252541 523554282 4 044 1572237 221182 45412260 1220247628641 64 412242  29   012503  2 4 22
 8 5 28 86253544222511  6542 6 2   2
6536 27341295831
244 22468 1 83 0  84
41 975528 35 1 0 8 5
353 1247  1 298 1 22 22 2 2 1 931 152  1632 8 24 3 4
95 
 1  28129262 1 7 14   580549283796922
42514
3137 0 2552259454
114 551238459  1  81 141 2253 223 40 22241 2448 12 250 1 6 129733 1223519  1 5
215141   43902 542 23651108 535248529245 8325  7 2485  985 052 4 65 45 222 446 2 561 5 7 9 2 6 1028831 90351867
 765 80 22 041032704 2 202   2 132 5 306905  09901 
 5 3423552 1 2   13  197  4129 6 6 2  5092 5610541 1 145 1518  6 2 851  
04222
7 52264480 45
5122 8 125 85 02 7  092205   5 0 121511940 62 7 522145042  6 162245 2142 3 7 
   29489 152 1 144 17   4121821032 271282457 6 14472 2 6 251 2 29 2327315 3 7 51
18  212 431323841619252 24951 2 0152  5 075 38263 350 7 5582 2 0 33
5
282  4530 5 19295   234
59 
2 46 7 286 1   231 2 22245582128421  8 1 6 2467 3514304941273 5362464127 245 27 612  346 2 3 0 2455422 841422571  452127 735 2 236   8  19  2790 4 1972231 268512 21 12341512 34 5 738 64645 73575413281 8 7 4 7925  1  4356 9 
 13 867627 2415235 
2730155258 1
 2085224 2 10044 92680114745 1 4955125 3 132 051 28 4   75 122 731 2 131 585 1
945 12  62121 530 73831 25631 873320837 262 51   2   36 2 92275 1 292462294 12  33127557  2 2 9 2 161429447  8  1 282 2 7 1 5 2 5404601 342 815 
3 11   350 13  6  47 1  26 24145
 5268 012104 192 950 9 0512931   2 8522046 1 2245722 952 98531 2884322 08   76 7   8 562 90  9 8  3 464122 7 1225 35424 52 72541 3 212 6 11176 951620541214
1 32 344 9 8419 814 22 551 2 244 255410578 1 2 7155  231 29 415 01481674  1
254  2 8 1568137 2
382 7
0021 9 20130448020251552 8 52 255231 8424148 221 43522 4 6 54941 28034 244 56947034315512682 24 2246  8 45 2239199 4511545412241 25 88 9225341 138528  241 247404  851 2544222 841
2949006 3 1 224 62231 1916459 2 24912 5 3 0380  22041029102266225     595 111
 130 132049  598 6 201 10
 35 97  91220951 1 496 82852 75442 290  
248 1 1384 3075 5 2 54222 7520205 8 0 142 54 614 3 91 94145 7734642 1 02470 92282422  441 22361 7 8512  945 24455 2712291 1514628 5673681 287 7 68285 23
02 97401 22031994000  8 712132 1273

81514840   651 98038
 5511 047 171
53129044  2 351 06  11   922281   7220127 1512228 
 2 239 241 124 2 629 1815978 20 25 2 9 54228 741 7 46 48 100 1 825 76242 97336 9 84122 191 63846 2
534   151268250   052 2 541 53259  384123 5 6
 4051 1 25247 3  
3 12742
55 4 2  522155  25 211 246 2 3 2 1  55 0 97    94535 64  102 542 28 4720 336913734
 
  1 16
41 255 1   3 1 655  2  923227 55
13  1263711255241298545 232 1904101 662 1 1 4   2464227 8 3207  1   731  55 456 3 0 731406 45  727
 1 65
 22234515544 0 2 6 0 136 9
   6 2 8 2316244  597842129  0 248 0 2 38126 820 9 4 6 183 1 945 5 2 253 223326
  512 3806 34421 6 554 93 41 845 21 45 
29 8 135 6 122452227 9 9 636 522  4 7838 2479  
2235403 2
327  
51 1 4452 
8 3292812 7 35122
341 7083 3980 092484 259121 6804143 112
430
1   2601 725 52  941 9255247 51
2242 56493 2  34010  158
1 2 0344241 242 4 2970725 8 192714 4 5041 74 4516 37351 81426  2132   24    1 2
 32 6 544968442 205 1294042 4 341818246 29 51   4 26137 13127 5 524
2 74461227 4442450153 865 32 511445 122302152 1 0 2
28 732257072831127215113 755 7 8 1 7 045 294  56 511 259 132  41423  0 283412145 6 28  9 2 5 1163 562231519
52 1122514 74561 6 252416581   15391495 65
2 841245176255450 75122883
7942   736 1224741 24541284745 4 833376 022282447955 3  784122 515 244 8 46856
42 042 221410535 22332  1 81201740357225 4 2 3382156 9 22131 0434596 5 4 
240317
2432255 1 9432522 1119925 413617176 527   7 1 285 1 64 42204941 8074597   1 8 1 11    2 2725 21 2 56  412  35 14  5 227 201 1054 6  144 77731198  130   1 2254532 5 124 
   231
4
 6  5121 4   2 845 
2759124521 6 7 22 756
2043 5 19  2 230412 8   284353
287 25520 1624 21 281 5 225 1 1 5   2  42 9 741
2405   97 12 444 22 8 724 2 9 25202 2 44 2 1  12 4431212441228891 225 1374131 2 2 5 2 84179458122 7 2 251523  95137 2 52  2519285 1 3
8  0 155  2195 8 02831 2254 2206 1 2 8 127 431225  2154331 8 041317546 2443402 2 622 237
8   422 8 2 781 5   8 19126 10228 172490032 21 22 44166 802 1654 72 341 207   385512
4 352271 4 275  834 46 3414 22 81227 4 1 295 1 940 8 844 253485947414122  19 1 52 
21268 2  222368192  63917374   23  72276 0 2863122   222 1 2425 6592  51288532 2 38
 781 913  01 1340422 142 5 4 62 45 1091 11264 5 327 5126   3224  6
2 41140 921 9  41 0 1 162 349 25843 2 2 69285  4  53222 9411  1514262501251   7 2

32    0206 826 42 1733
 123 146275581 2553199
1 2 13 4626 1 129 13622 2313284 5 143 160 3 42975 18248 164  43 16540 8  572230 221518
 2 1  23 192  75   795
 168  4 2 05720345 1264 3 2 15135 3 1924545 94 1 21 
48 5951720445  28571 20547 28
 1 99843 2755510 5 50 844 2285 1
25 5192
76 12225334288727221519684 52 2 41 28  6228541 02 521295 7  3545 27 41 146 1324145  2
 7 938 1224340   74132 122  8546   741 3  46 7 1454587  60 8 6 9 4 5 2 75129 2 9 285496198412 0816611685  48 852394    14122 13022 2 1 2203 22 8 1 384026272 3
82241917541
 
512 292  2 1244592 87  22258 231 1 54549   332 235 592 6
 2642 02521 90  5 123815127 882 2815  2 8604175 167
031 8 8431935 255 152220
5105
 11050 3
 241 122225
 24445263531278230  479125 05129 142 2630260 4429272 1 9 5 6 1 7 222286582 812120 46 215   22 
0102  4  6 121 9 201174142 8 831  6 4 3 08 1 2 20116854212 5521 42423765 52  4 9  53 1 765 1 7 13152623777 8027022812
 4 1 9 552 2 7411  055 732 102 541 1 531 24851 2584 22 5 2 135 12 
   26 742232541 2 1 1328  132 15968 5 449490579 8 1 275 92240 1 22621 7
 11 3138412 3049 239 1 5 84  5 8 1290 30 128
1
7322923 95 42024737 15152 1 9 3 8012643
142 015424  151 300  58 122 9  220743360 41463 1172 2  79 8 1 9 651 04449 24502194741258241 2  444264 6 9 5 6224 61413851228371 9 3554 46 5288131  424926 1 1 2 541 2 891
72805252 64123 7418 481 22 83112 54122 
51 538 132353 126842
2 24123 1470048 5144 3116 84162 
 12 3 0592 3 5 78 55 23231 

4 1 925 17238 0327140  2148 12 522221315 8 312768 7318546375
 2 8 0 1272821 2424522358  2 4 79742 
 274 0 724 0 72649    42 20551994

 2 22511 0485759900
6245 5 704 
  3483 7 5404378 50 11 1 9 2 107 
 121  82 241 1 2 351544845 2 4 
 29  5 52152 8064237 612 2 6    754 02 0 8 0 4 1154651 9 15299725107525142 55129 43107 842 2  11 1 64196 555 24531   542 208 141   54156 52289 122 1 85244 27 
35 277
5062966 1 251114 5 07 5 543 207 1 1283117 254729142  4 02414856 722419173 531 2 20846 6 4 749 7 555 32972224659 7 8 9   8102 44 1628 754 204 76 20  61851 2 99 22 7 1   54 26 12792 552222536494891
064 022 5 5 5 341 29032 23
 1 276
52139 6 628  7751 9
428451 
5
45 2 14  2  55 2 82112  812241 541845396555 492
  3 3  22677212261 2 248 122  4 32 1 1 2  152 4 4112 45  244 2 2 051 9 041 2803 0438 12944 2 7451 72 5 6 2 240 

75916 9 1928 41 2  41 26    12360 72 2 1925  29 8 5 2 
 5 23831 24341329871622846 1 1
41 66440 27  5 0 543 7 1 12 2321 1313159 23
9652 2 295 147384149 51442 023 24 41 9 4 1 24321155251 2 251222 21 551 252 82542   2 722 15235 945744052 551116541 74
46 7 8 192468  77845 2   1 0 3 1478541 2 382   8 1 32121 53641 808 1 1 841  68
103 083 22 1 72
2929464542
07454 227 2 245815 382252 44162494196 7 24345   9 556 272522264 1227  39 46 19958 53940 043  512241
1 24801 25246 245 1 7
051 2  0295 2 562 21640 7 1 2 8 1 270 1 2 3 1 684  1285514 24 242650 22 8316  
41 93546929465  213161073125842591 327478941
93 1412741449 88 971 0 3 2 60132 841 1
 21 94034 5
125 2864626 259 91181 2 7 7 63501  64 1
74542 185 2628941 2 1352648 1020525 2335146284
9  751 050 4 9  31 22  13390478254515
 34442 4 2 12
 9 2 15132 13297 4 532 43  125 2 283 3   3 129 5249291 105414715
 
36 52  59352 9203432 6 551622540 2644152 5 
292651 246 252  4167 7411724 120 14122 8 2 2335925 1  44813212 3312740 612442125 2 1 575928 45   2 1  6548  388
 14 74282 15 9  47 1 733 129205 4 4541314 41 18522 234001 

457028518721 1 522 0  0121224 40 2  31 2
8142 02345 3 1 13 5581 14021 1 44651417532 84
 75543
2354104365 4 25 252 5 1220 57 95857 1245112 507273651 242 
172845 2535272 845254 4139 159 2 2  10314 5 3641 231 16208 
2284575933 520 48152 802 22 1135 511  45420240 189 240282347218652525 81 25 44622312
294651 2 4 1 244424178 149 840 9 181   2 64685 1 335
24294 1 028 1625 51025 45622541 24
4422 8 0212541 18 93964150 049 52285 2 1463121450815 25242 091 2 543 2563
98338186614192 741  76310  02  636 62233   22
 111 8 629 50529   4 23531 5  4927454922 6  3096
 507425 2045
22758512945317931524640 173 847226831 291 1 14281622841
 415190 3 6 2 5 0
7 80531 7499  841  3142 551 5 44416 23210 6773191 0 0974570 1458412 0
 22 552   2
50291 31258 6 2 2 2428032   52625 501 
5 4155 7 5  0533 96542 98
4
 3 1451 48 5268 44 9
 240  64 2 92552 19 5 2
5302 122 12145 2 902 173 264064525 7 05120353208
5
2  35 5 18811 2 226
728  6245 2 24 3489 4 9  1 4152 0 0 987 10737  
2 341 2   2  41 4 
 4 8232841 062 1 578 1 7 54910 5 3213860 686 5 72447323   2  55    7 1 9341503  41129647274441
724
     2  24     6284126 882 288 222288989 34657 6 20285 079 1302249 26287 13 2042 6 355 13 4 27   0 961 2 7 7 1
258949955 141 241 25 112
 621 2    27 05127 5 1450 31 2 3 172 6 406 351 2 5
1 7  42 24 40 5 521 5 83  78  1 526516728  2 3428 63445 1 10992 1
51024531 782 0   05625 34563656 59 0 5724069
 08 122 841 2 54 22   1405 5191 3 142 24178 4
5  4 55  32 6 2 942225511233   0337 125 1 0622  29908 222 18122 741 228  972472 340 492   1   05278 2 602 24  6 3 1 2 253738 4  661212 8 380645489 2841 2 0  2  2  16
 851 249 0213143931 42308841 25442
5 942 201213747515322222  1 231 0 
 5 535   7 2615281 278 118 2517 8856 580 107 77049 85765 134 68 4353 2 3 5 842 286 1 221 8 5
2   8 8517285 22734212 1  1 0 1411727 9 1 4442739122965 3 26891283 8  24451  745172   802 841
 773359654 162 0 1 7
 3122573  2 252 26025 2 2 2 72551274051 52242295841 745 1 0284197294621214540446141 5 3693343 2 6 5954  17227466643  22 54  23  8
948329 6751116122532  6225961264 4122 9 6 255 9 248 152654129 44442 356427
09 2 45158 3 261 742 08751018 
32 6155522  92 
 
3127 24 697241 128422259 50  641 7 52 7  6232 4425 2404122044  140 1223148 2 811 4523 23979142
341 64 12 285 129 351 245  22 2 04585 16 824 114  1 
 451 74 56 92  0 0424 253  5  014916 152 045 126 94052461176 851 75 4115818599  53 2 23 27
2842222 20 2 742  35 019 0 6 4 10101 5 7214 52 261012 7221464841502231 643 137 3412  1 636 0 2 8 17  2   669 1 042 8 2222 51478101323841227646 2 5 592 65196 0 656 7156  1 1 7 452 965 1 645 24924243 724 2 
04
 4
4 2 14113218 79 66
29 8 56 27 64 31 852325601
678949 
55 322 8412721 212 4 125 1 115  45124132 247 9 646 1 1 4 4  0522 233   24006 07950 2 541 
33  324149 224 1 1604  24501   2329  745443 4227 43193218  9823220
6 44309851  55107 7 126 74656 539   5 12921 1262  1 241 122 58 22715722 14126654 21 1124131
433
 
 761354 92   96 353 795145 14531 2 7 46593552704 22723 1224501 26 74 2324123 54099 4412244 62 75 55 44 12 542 
2 55146903 2  557 24 4176 241 2 671 2 7416 70 5595731275141 105 1 9 631 1 84772 18152 03310235520 5459973 13671412242 3 61252   05
4715 1  
 455 241 1 50 52144  1 9 12 9 45 92236 2 24441 5 5 2 225 2 286 626 54 1246 2388 11 4 8472726 6 2529624536132812 2095 2 2354046 7812958 5 077
1 25  21184 262 8 1964  52  0 13 7757 2524  2 4112   42
15
  2290 2 25833 9874
 2824   30 24  541 2 421 641 2 9 361
 2 81111394
 2910 27 191 685412163 2 6 53001 7   5 6413649482982 28985 171 824 60 
1 376416149 2 2 2 2 345411735 152494162 2 1175448 5874 0287072  191 6 751903435 2824 210541 945 829784 2526 5  62 0 9424122   122 2114234363246219 0631  55 2 21832 538822267
 1 26  1523175 3  58 7 25121215721 01211455  225 122 15222 
4237 2 2 2 1 1 2 35627 1 562 0 2 24  112 6
14 3601423 5 31  3  2 7 54 4 52 026519 48   24501 2454821 5 1  24 57 75 2975 1 664 42 59  1473 591  891466
52
224412
705192 8 74 22 150  922347 64
 8
12 
21 92675 1 1436
 7 521 283519541 192465752241  226 1 0441172  3199233122 042  2  126 2 129275112 45222484  220 23  8 827274111 14 924544   641 5  41214142 958 24773 1710645262 5520 211 2 8 1 2 059 23
573  5  91544078 24 27 8492085 4292645218529 232 122 8 1
 6 241 24441 02751 293 1 8286032 451557  506 1514 23 1 2 441 235  5255 1 7 13    152 22041 7 341 720  77 5 522 52552 5 195 3 6194945 211 1024540773752376
4020  10 17331465
52  924291353230055340   4 261 121015762
342264842 172 692 11 1645 5 04  5 1 5 17298
5526 5  72 555 29749 95164 8565 833 510 45  2 285392455 26 0 147438 4272 50 214552 1 763 84732  51 1 1 127 141 2   0362  1 20530 25041 29 2294 192 7422126 4821125 1 23   2
  3199      81 19635 216 2 1 0  4159 2 702 5452875111728311221 1 3 436 68531 5 14152
4800 7 842 2264 1 7142 5  855550  318856 8865232 5 232 2 1 33 455225022 4 4 9655 667 1 1322 4 42 44 9540 012263922084142  519 4635 1451 73 3 583 862 
1  22    92281 22844 5 93221 2873122  4142222190 3 2 140 121  4
32 1  98454 3
89 4 64181 640 
21
537 74 12
2731 942  51 24825 20 22 251496854 4164753 78505 222 2 72 4897 54002 8 2572
3211 5   2 
5179 7 1024152222548226546088 3
2656 142 145 78185 2 32162 217
6  4 62 74271 1 2 1 041 25  2229 49326 5325 6  212  

730459957412795 67  152   341 245  26314
6765532983
412285312936 19761 2  2542 2724147 152 2411662 245 16450 73540 2 32112 534694 51260015213540 2985193 25166 14042 8242
 35125 2 169 1514548 1784865 6395 114 42 2 561 5  41932047 94  2293645 2 251 25531 2 24121 5 0 24 4 7474 0223 45 5  870 2840 23 4191 2 3 2
3
 16236   29
5126453114 4 2 73641 3 821  0337 2 84122 946 2 1 126 12  7485692 0 01156316175  222741 2 842 254428935 42  5 191 5  29 5520049312  257 64 415584 2 285 
964541 1735 28 6
1  754
 23 514  05
2  54062 5 4934  1  7531 160 3 445127135422309614 4148
2732416879412  6 732 251
70263427    24448 28855 2   5220 319 3949  0 116935 1582642
2815725  50524531 2 5 3    5592 4 2694  97  2 1 9   0 0 43
 2 35 9452
1 931 65245   27541 98740973846
28141274435 13831230002   25  2554 72 330 175411165
2 678445525 1 2 7
3512 7 5723841   3 5348527 9983122 23 1   41 
 555 2
8 6774 5126 82 46
9 1224752   85
067511 131 1 5738 775411 222 521 144954130 0 54
 3 5515246 1 2 9454235 12800412  63 70 351 297 0 445 12982 7 0304220 836 2324106 8  7757 65 03 1 228 4  665169 541399 9122
 
 4 7255136   1 24746 34844628 4 30 229 24855
7 6 3 245512    3 03755 74351322341 290
516 4
34 36 1 7 24    56 3282 139 521 76 5 
 12 2 1
24 259341 74 401128414268 1 924412745 1354 41122 4822 33222 2 1 7720 2  355 285 0428 4611  71  5890   6 1 7 5      01
 4 3110130 092 411 9545846790 297 4 347441 24741 7 832929   3601 5 26  522 1402705   2 182352531 1 04 46 185 25  14  741128049 328 1022268 66581 2 5 1144541 1 466 448 25 76 1 29  11 4540 76555 1 54217 5 220 8413745 012 98
62454137 5  8448406145309
 22  2 5
5193 33 424812 2 8413420 2 24241234051227132244554 286   7 5 5 2 25248308436
444 2 541  7  2
505  0947 8 2753216 1 132 846214 49   4592781 0 28421
9 8 1 
517122
2 7 63541 244403 814431 67  23
119275 52 42 526 425 9 0 652 150
 55 1 3444195411422 3 1 2852428
 1192 9 4
7344 9 7 59122 2 02247 625  4   25 9 79541  2139 255 1 3 5   1 7 1222540263511 157 222 54372 166698 51 2 0 729 2512 4441984845247323   8 12   5 23855 24 3 1 27732214890 7 1 15 1442 278
54725319379   246   8604 
  554623524 266 8   655 2 3  327254
 2 7   959  224352224 0 773 5017 04  89852 2 53108  47 4 129 2 231 632 1  7  228 5 8 2074962 2517694  20 5456245  292  19 4
 100 35376  41322 452565 0  56 39
454102 8 942 8  2  445928851 0 4  2741 1122641 1 641 2 9 1 235
1 5 1 121 549 13410 22
4  20159 292
 142 541416 102118452171 5 94854229755572  15 4 133  404  26  
205  6 57 51 384 89425112485122 7 8264 545 78425256 141415949410062413232
8 02245112 4537 2 141 3 10149 1312148 2 278494254 222 1  
2577056     7 24 9145217242416355429
   162 7 0 251410173 5 6
844193 0014 57 325745 224 62 2 04125 2 
 2 3 154 6111 3837  25092637 2290542 63 513 3551 25571724   22824142454226 1 1   8 22252 12221 822 5502260 152 51 0978 109 144925242213446852556624591938243 98 51 79559   2 249   1 84  112211198 7 220 4 5624 52904842
28 741264331 9 1 4672  1 9 4 2 24 52 6 4 1293  1 8 84491 8  35782122444 22 5 6274 4126   221344  3 
4 6274  3255 7 2
  2293846 2 8   9  4  235 41743 44    1 2484264176527 5 972 1  12 88
227
5 23254272   1494  7224445 9250121 
21427531223 253 4637
4 06 2571
6196   9 2370189 5 42
441129 67 5148525744 1 2 8 1603693 6 
4 22 7 76    6624  2222  1
2504122 349 3 959 141 1 24343 165 1222531233660 1 26  7 15192 52 678 21
307 5294 3124 5113245 42018 0 2 2 4 4219  2 4 7 13222 25
52 214 2 92455 231514245 1043 5764
25004
45 22 54014 75 1 24 6 6665515755 522 1 1054  033475043 0 322 54  2 745 942471642 61638 4 3444 314  2594291276541
 4541 241392298 1 2 4412755 422   22846 52
71 327 3712 48  72 12129255 
2 2
 02735652404597 5411 053  2 5 

23655 22751 0 45212 231 2 34 2255 1
62 5   2  4 18 38142  5922 7 13941 4  24  6 45 1 6   2 985 0 72151 1 146293 4127  81 7453722
121433431 96842 705 26
 24 20 25159   532 5 14950 0 620 9 6005122434 22444 17 3 777312 4 631992 110 0 344   8 1 84785 488517152 72111 6 2383621 14  79531 2429
1244
 139 5 2204745 1 2  29 161219851  27 1 
68533232413227 52 05 0 2 531 2 86386882651 1 20855413275 10  431  9148614111  28 129     94122 55212 9 5452653 1 547529  9622 478642 0 4 641132  192 6 0335 3051 12545
2 852 2521  5 510 2 540 935 3 18340 24191 273
5  
4509 455 4 2  522 28 12  39 2376 2 2458 255862623439 7 341 934 2 268 
  
45  989 027 6422237 1 2 54527 8 3   8 9 54731 
  2132 540 6234
 3 8 0
77 01 036 2 4 801 
 9 62645512 9346 2734192 0 1360 56 25841 1354 154631 1 8512222 452334 1  8 2246657 4 5 222 369
22 5352 774 42 3 12034 1674041 7284152 752228  122013122 5 1  22064  54222 4418 214055  04024 3141734122
1404545712255 02255 179   02277  29 440  7741 48 054299
6  84  36 2 23202 9 64140   042   5922 424152 355 21440 2354 17  322964 6224  59  5539
02 23 38
 
06 442299882226510   2 2403452 9494122 44517 2 17278217 48 1690531 404  5330019
245722 8 45856508958 2 15241   8 23 278
 7 133275359 2
741 3 504   7 1 58  2 23  1  39 6 659  2693 222 4 629484167 5452262 1224744 18  1 2 1 1 291 56865    4 59 6 4359068 726
3 7350104258 81 9  84752 348 747 1 1 255
285 2 7454626045152 5 4 94832 17102 2 551 231 5 2 3 1227454 7 74242553
22 908 37 0628325  9 961 2 45155 4 63457 11648 1 224  47 5 7 001054 8571 0 2 1 1851 725540 936 17745212215 1492  13724 32 2951 43430 788 
02 7 5
82 7 21885 14 41923  2324945412 88014025 9216  1 84 4 12 2 1 8   96 24 1 3445544450535 850 214 
9601 22698086125 2 2 8 5 2 3 141 84937 70  5 2 1 481 1 56745 1 450 58041    5202 4
248403 764  0  5 27
74051 2 74418
3 5 5 041 7 5 1 227 2   4  22 2 
6 832186 5
 161 52  32599404813 2 5  22 
3 463112923 39 94851462 412 47574 189  678 1 2246102 
 1 28539 1 8 239  54 268 122 01122 2562734 510 7 926 869553426204001 7 051 23  4 7 542502451 94355  58 23136 10288  2572 122 84 4290 1 2524342673
2425 128480  73  211 8 137
25 1567121 123 152 5
1  55 12  55617 442227182 025 120   12227 13258417042 6 24  141   6 9 8
13 5815 62 91 84  5 1 1 1 8 5   23456954 59 548 2 2 6  22 7  3203 22253
0 2 801424571 2 9 122555027   1 267 519   1 44049 9 54 6 55 5 24326274  
295 4521 4 5223542
 24117   89
 21032464 297 45 4 1 9 1 6 531494 512 43 169 1343240 1 740 291 1 225 501 05  92263412274712 854 42 4 946 8 72268  22864
48546929 44152

16 2 211623 97216
 221 4371
4151205   
2556269  1127275 999 21 2 552227715 222
59145417249532 3535220 56 2  
 2225   2  13121 8 7   362 2504172 1 7 245 6 2454
06524 919  2843541 2 1 5     2 737 0 2 5 44   41 329 2 275 121 02 22   2958  607 8  06 5 0 2 9 2 3 5 4 232 19282 1 2424120354124 340 2 8122652448948 1 6 02  821 3 23  27249   94534122    7  5  0031
22   5 9
 1 5924 1267 25172 
 6 27  2025 3127728129 12623915122 44562 4  13643232014
 23 412  28104 84230 449304501
3   455 442 28  8  11919772 127  53 6 9  12 5499205 
4550 82084514228 1 257422 9 0  248129692417  5 2222105
975 95746515 2512 76356   1 55665  
9 551
  78023249012164483  7322289 1 2 841206145 14856224249 2 343 24211227141  8581 231 20235 642 4210234 297852641 8 520454129005 3272 7 2 4412  147973648 2623958652145 7 142385121 845274437 546521939 6 925 7563552274 45 24055
694912248 1 195 249227 05 8 12335
 1724  195 151 42849 2 85  7 55142 305   5 2 623561  415 2 51949 25832 2 1 6  14   141 7 228  318822504107 062 2 2087132 3  3  249814213 04272 3 19215112944  22 840 92323  5051  23 629 141 2 8 424 14262739122 84166848172384 37 542626244 947 24085 9 1  5362
 33
50703122 511 727 1 4 7   25 03 2 2  232141 23 4 5 26     3 1 23121 2 852 226 628 70242922  2 381 239 47125419148549243110 75417625 
 345 11535   138415244376274   1 122 63846 2 8 2 777 9 468 1 721 1
237 0 23519 3 5412441 425 85  13811 6 3
1 245 
 9 451
62 6116 4141 7
8    914167 351 6 8  12 2411 3143 131712  2512327 29488 4 297 23 3111286
5 274 4  7 544 2 54  2784 222 
232 40  95549 1850922 
49 636 1 
44 2539548 2354571 842 266 22 68 12228 1 224 90668 102226127 22 26 3 256 1222 344190 3517132 72734 149 0
41 0551145 1  2 7 52  2541
2754 92 5 4628541954 1101 8 1011 5547 6 1  583432  534631522665 5 272411268  52245123 8
2122581874 4
05 25 320 5236 52 2271222 5 72 9 83 1742 1 63 113244 15788 1 3  6  9 2032  9918240 1621822696  1 94  141274249454639897592415578
80 40  8 1 96643 145562792506245 4 056803196 02 58 729 5513648 6 8 8 2 272  48 5 437485   32 1 2 84 22655125 00 3244 1 758 1 2
0 7229 042
 641 7495  2 7 9 4  813354  22 8 4 2 10402441116   19 43 1 351
5 27432 148 1 16 4210455202 44197984 993022 3 1 421444 
 6 5 
2625 129 8 11  505  424221 1 1322441 2 9 1 2 2 0
17  1 2944133  5151 64 0275 4 12  122 8    4336 175 032 1 1 3454620 701 248451148 1 38309 919 12833 2 7 5 20232 992 8
8249535 2 8 892 8417488 4 257414  1 505 3046254 
2  5 54738 6 6 9232 234212 2618142
 1 7 735 2 14559 251 92  1 
 34 2 7042 6  5112 651  2
52 274 26662516945 1 145 1234551 7 42029358608262513481172 2 1
6354  2 932 205 022 24259 41127284122885507 14 4184 1429 83 74241263231422541215951 545   21 31 0 2 022 857120442 642 
4374 1
23141 2 566 2
4541 23  1 27  242364607 32272
3 126 8444  8 52258
1228551 20 5151 4 322853157 341 2325122 242 4 8 172
3 7 0 6 02251 966 63356 8 207 9 1320541 73818 2712  2354 624049 793442 255207 731 97 4133 1 1 9 801 2   167 846928  26745 12271 8 9 0 2 68 3  278 16 85  
2 3500 145 
42 520
221 0296521    45 2   1
2 2 1224850 87  822 051228  1 25642 9 45127 321875
 5 24542428543 4 2321742 1 758   0 546 
 2 2648 411131 282 24199 941   75092  50222941  65 6 75   3247 2 24656293856 187 22225 42 28 20272
630 240276431 2462 1285
41 0 341 92256969  69
 3 5 248 42  4411
48 140 34507954
9 55 11243 19285 14045 1 9 75  7 2 2  95 1 845 2804 4 761141 8 8 1
2 4 1 249 1  98 14   17 22  26178 8392751 0 451913852 2 0 
22 031228
45 2 8 5 23528 2629 85 242325131 23 37287041161441606  6 22059 2
440526 511   3 618 2   70435 2 882 2 2 03247 122265122  01893 212761 522  51325   282051214 47983 413991 126 29
22   9024532628 4221 8 564 4 132 84522

2627 261
0 2211062 1 26 3903 45527 251 7431
 24 52 9  39 2  520287 1 9 1526 28  3245 1 23742 2655 2242 

8  2 259515121 2  4948 14245  228542 1 8 6 28 4 91 815094237 315 2 285 16275512 49   18 2168 131114 44 2 5 2222537 352 1 2  49   7 24271 5262  2600145 2   2 6 6 101272 87 9 2 2924862   145514232017127 4418791
122 8 9  88 2 285 4 028 1224511224531 3 7443635
 46  04008853
2031 3 2945  3 2 3 2 7  4 9152 27801 2 544 17481 2  15 25  09   
12280 2  85 17 61 1 2 5 60622 52230 2 2 241 4 6   7 384964547 8 8 03 45 172 8 1 2 8510235 1 6  42 9 7 0 0 5  22 512 33 60 243514747
1574 01 23 41422 2  020452 0012 2 751974052 9
525922 1 1 6154172 8312234  62524 92093990 4  9
 3 119 7 1110 55 
48414349 55520811271  9 805192 55536 823 5774550 5412148514434449921 1 2238127

59 2 7 227854325 241 1 502494121 27 06
2653622
582 5 641222151913421 2 8 1 25 3122 7 1
22102 985   260 62732 1
229831 1 83 52
5 1 8 311 022 9 20445 2 14
26
3 1  99 132 7422224 10354  0235 5224549324355 843 02  815 6  5100 16  2 33535412147 83 92 42996 6822  3 7 2 242 291 72148 151 5 6 2 142 99446 2 2414264759648413745412258623265 7 9 150 7975226 64 42354
 774462
 2
42 8 1 92335 42  8 4 2 3   9 
58 1 1 2 725 0 24511 268462267 706 1 8872
 3 27 42722143
 4 17 426 0 393

625847 6 55126 443024 727245 2 23571284543 640 222 112 62 306244 1 2   8 2414522 741 
 7  9 85 133 8 229 64132 5 8 9 8 222 1 0 746   2 651 244115958 
 1
444 3  1 9 7   127 50591 3 1 2 711203441 23841 725 3 3 05122 8
522355  2485152 3 42271 1 1 8454261 3408841
188 141 2 21285
31  240 9 1 
22 3 1 185 5 728 6334  
 2 1215 8 21 2 8 300254
 9 5412635 2 6775207 0 6 1 4 2  3852 12841 9 14  2 88 7235 6 320312253 1
27 
32 244 024 05  63556   720312342 28441   11115 8518230954 40 1 2 832 185   9551520 1 2617451 2 142 26  23841 519684  9 4452225 37 72622  4 7 2 863 212 126  79 2  4  3  527  5 149455122 
7  28242
2784 22722282 
  311502 94 8525 651  3151  
15913 445285 
53265592 255 1 93515  8342 0 2 23226 14256 1223441284 54 9 84692 241 2354327 57
62083  5  327685 1  5 46   1 0    48 51041 225 152 141 37  1 57 4152 2293
 24020 2 74203  6  851 481515  142  81242  2 1 
08412297 1 2223  96 92 1485512 1550054 7 2 54231 2 6 9
393290 3 52868 390
542949 4100763 3 58091175 8 2414249814177285 3661     463 2214  2484 01 22 0534427238 6 44  2362847264849 245000  2   2 7 1422143 258 6 2 542310 31222 41 195420  14562 645 95241 946 2 2 0224251 59
8
5212
57146 551  25511
0  6   8 2 93551
6 4 232 854529 4562681 6 273 3222 42 94452  22462262 13331 15425 15  8 2 9 451 2 9112048 3 355 1 3
24981384122 256222
 626 54 8258 2 20 432 84467 2571270  12935 3224  0 32  1 9 2 1 594 12278 422 5 1 23  
 2  91 27009223  57536 167 5 1 26512228   227847 620
 2265224 28221017932 9825  162  928  1 3 22359 8 1 876 4 2 1103 450
320
5922 248 1  5 2248
157 2 7 722 
2230579148 12  4 1  510296 433 1752
25 230 268 55  
   2248512 750 2 143024 2252 1 1 7 222 281 0  45 4 228 12 8 6449 151093240 7 9339  5  25 5
0 225 52 
25455645  9    22975 126 541 1 989 287 1 0224034  31 647   7 81022 
3137 942 234 627 841255552 85538 5 5 1325594 5525441 54912 85  048 1 674 82139 1924446 125 1 0 2214  442 23 81
9 201 944 1615851494 31730225  288657525202790221 5 5 731411 84  2 4 4057 5 1
 175 32258 14 75 5 755 177 661   651620697 5
5 920 1 2 75751 181 2 7 521 340 11745 1123441 68140  92 9 2715702 7 12 0456492345  9 45 933 0  483260 150 3  413 6049 77335 2504192654152055222  25 7 4 916 3 1 2 5 861034127 1 1202521 9744022631178384221 5512723
6  7 
35 67191
2 6     24723 142 23641 7 4   175069055 1 8  81   2 1   5 0    5
 277 2224211 0 3 12 2810 1223182712 224525  4249238251177126 8435112 2
1024154 272  25 84160 741354 34826551   1 402 3 04255 239 5 7 7 251 1279125
543 2 2 316 1 152 8316 225627
76 2
7 356 755 11 46 1 1 8 1 623 229 831 22082 33832 255 022 4 54 3 11 965  22 541 2 
 172414227 1 1 1 8 
675441 14854 6 2 1 2 54
 6 14162 8513
 8 1213542 263  2247425478 222  712245 521
  260413 213 41 766 1 1    7  5 146 8 5
 3 26 7 64 924 51 2 8
9 7 9 1
 923 6 23082 292512266 7 229412038513222 432017226  56 2 745 945 24721  3082 63  2 53921  895144  45 4   8 5 27847 20036 2
2 8 28211224 42 2 8 5 220 73233 641 4412 214132 
4126552 4  5 122 201 564 9869 41 2 13122 35247583 115558 20321 2 5 1 04820
921 425 7
31 6 540615255 24 4 198141574234 9   1 16848694432 241524228  22       5 196 541 246362  8 02241412  5 8064  1 6 8 4 2 53621 4   3 439 241 1
49041 2 4499293 2 1 6 02  8 4524 11729 224545 2 2 055 73102 235 8 1 8 5  34 1 2244721 831 6 18
6205 4 24150  59613 
31  1279 2 0 84392625  2 8 51235 2 0723169 171 2452197023569 402 12 3512824  2892
1205 5 5 54222585272440159  8297224192 5 2 2755  134358795 50252 2 2  57
 96 104534192   092     1 5 1 7 5 2 23472 125 0 24521 12 5663 731 1 8 1 14551 07  2 2254
 0 86121 317
0 94   738 22295  9283   24840 2 2   2422529473 32  444928 218 244418   9
44 1218151 238 5  33 9 282 1  24 12145876 2142 2054142 1 12 77525    1219841 2 8 3 24  8626450 2704553 4 892 5 33  1 631 35732 4 10    20755512258021681 242   4024289226545 2 84176 5
2128 04
02 34  6 9 0476494 1 642 62 5 95 551 072 128365 7 27 122 64661304412 8 53343 2 745  2581322729 59 75 12288 5 2453024 542 292311247 
7
 844 244 152 5519
4 53 265513143 2 2 8440202 1 
054121 351 2  41 28853 24235  6 45   681  0 61
234410251 102 54141
784128 7 646490127 561 6 0 1 543 8623941 5915 23   102 545222 415234 152  
  2554 26043426496602634188 1503245 0 26 4638311792  6126 442 0 022699 11247460 2 2482224 1 9 2 55687365224  6 6248 74 52024530 620769  4 1 9 53129 8 162  81174882437251    39 6  70
2  532 52254 25251 2 4 1 2511  0 42 21 241 7 1 122307
2
 111   8
266 4 5 9  51 1 011 211 1 2 855 
 8 1 7 1 1354941 6 2 2 23125 68341  32232 432122 481 5  30 34425 214 92225 222 15 0284211238 012 5 12985 2522242
245 242 2 022 5  23 3 7 14145 995519095314597
44 22
5 42 5414748022 0146 
  41  514121686  7 2 14142 1 27814 0 3  128 5120 544 335 1213581 327 1  813193   19121 5 2 9 2 2410 29 4 9 9 5292  8   2 5 1 28540 2 546 165 2
771  97774212283272 551 933 5  9493 7 24171 2 1  95 0 84201 25454722 5522414126 1    
 1667201 92 8  1 
 3 20
48 2 
 7453662 22
34422
8345 9   442 5 029 5456245 122  14276221 2 54  642 5  524257 2402 61560232 922 34197674222 1 1124  1128  6 22042   845 7 155251712 1 4 202534112 141294  222 132 2 54521 1 1 2    394581224521 2 4 35443 2 59  1
 847 2252441 2475192 
2   15142235 11 925 9914 22  8 137 5 13 752
00 253412827 2 8519720443655322  
  19 2 2677  3 283 1 78 22 246 16561 1540332 974 12 3851 1 25  021 4933 4 223839 4 2 7 221522295 96891 7 2 5 1 6   2   541374141   6 16
 34222 0 5 74
4 2721
51 94231963 11 2385222 5 2 6  11 23843524  125558 22258  24252 745 1 6  20 047 1 56252 2 8 2929941 1
5 0   50158 14
1844 
 025 1 1485024 751225241 243493278 11
25 12697 1 5 0   6 
4734 14 32 8 13 954  2452121585  138
3304
414235 1 20542   541 23643202561  
49 247 2   87
  266341294152 291212  1 1224141244454
 85  96264162 951 1 855972 5 615505 1 67196 1 124 4 1 1   1  39 1
7354 20334401 612274  515 251 50501 2484123   832 146 22049 879412265413647 4 237 247 63 2271 1 4 
4127454407
554 24442 256 287  4132 12 
2287461141287
593  9 
5097 44    5 1 332   85521 251413221 1 908 962 8 062  41   24
 7 000434 2122 22132245 2757 6205  5729  3
2 551 53821 14089 68749224801 176 192 8 5  88 12795 4 24 479 6740 2 842 322 4324 52 6283
 272 1  28872783 4525  2 24581102  3
  7
5992 1 2 06741424 32023522 1 111 2 55022733163 141 2 2 1328 5122 556 94801 24346 456 3 248 0 9  45  3741 27548 7 1 33 26  66 2   7 281   27447 93522 92196 1 1 744 9 7885132 1
1 258   23502 9  46 28922 2 3 142 5362139   2 101 74152   3315 884 252222   52529
53 
27 2 243 342 64159 2 5 426324322 349 78542   15 2284514144 012 65027 9 19 21 132524
 1 3 5 288 3 1 54 96 2404242410645 124 721 164 12  3 3 9 44522 5 59
02 1234101  9  222 53127 7 127 8 538 7 02 77 1214741 235 621 3 1306 59 32451 289 2 7 8
5 2 0426438 2
324851288541 2218 31 7 1 235536 0842   43259   1 934420  2 1223 10054 4 22 652 140 6 6753922 1620926     001 3 82 
2840 7838412258315295
2 1 82226 4591 2041 53811164710 2    26 431 2 74 3 25 8 28  1  3721382542 2 1 152 2   2 251621 42 2 8   2985929714 0 49
220 20 4674  22279 2 23211 944715 7551 14  2 995 16226 29675 5 2482
6023 
 2314628 4 35948 4 2 140 8 2513
465192 451 5 74162  0423 55  584 
 7 331 73742 2462551931142 8 2 276 29248 1 84208 9 8 129 1 4 21871 981455365 2 754 14234429228  7  5501234 1075 424 
 4 3 1683885 8 929  4629 8
1993 
1 2 84622 
19 185 546804  648423274415640 622 59236454022 15
2625517 4445 2484 21 48 217541 23  552 342 2 91137 458 2 241618569 53  12863 212 861523352 9
17
 2 1 90222 9 2 1 57227 7 6 2 867   2963551 9 541 1  61 3 19121 391
928042752551494 41 2 747 79 412742 461 2 1025551 2 442 43141 2 14 624  16 4542 64  1 2 5 2279811224841214851 245 2 9 3452682 2727242 5 112415  2 245 3424151 73881 12231 
 22126 4 312 5 6024
72 645 52222 2 3  61225642 25153 238 1925731 2 313 224452647 1   3
361 74 1 5 3 12 04 5 845 2274891 2 8 2 22451 16831923845 9 541
2 8 292 5515378 5 9 7 1 28584 7 542 2  31 142 8 9 9 2  21473741 16737  97 14 525899 2 254295155 286 15288 2464751 9 861 048 62754429    2223281   24 437742 17 41 2 1 3 2   
833914 225 106 750 7
17   2 231 261 14
483  2943  2 041 8 3 14865 267   16 5 5 927282 6 559 36 5129 5 6
 1
 667 6 16255  9 7511 0 5 22 53 1 1
4395  531112011228  1  325527 14
52 40 52 5  97455922 6 02212 132 5  22 42 6924 
7121 410 25 62484021 141 2814582305051
17741333   4 51
72 175 23    282 5220432 92309243142 9 4  1744112 2467 225412 38 2670341 691 2371 7 76384327434132 854 1 8 19 52 1 745 147 549 28246 2 9 22 59 5 61851 94832   71230 540 144 
38 25426   181  412 655327 3 1263789523 03 8 82132 6 126 917228
 
6678412
7  01742
 1226530068642   2
2 7  3163452
93 11292  4237 5404 95306    1 28451 281563240813798 1 2 413  4  8 9 7 129 751227740 0     22744 744 7334811 7  92 256 1 6 25 262641973 32 34841 2 211407531 8954542 1 1    8121   1 1 112 9 711 725 2290  2 2 1  274155578  221
 2 8 737 1  55 242 555  4 5   67 622 8 1   8432735 2 28341 125 361  2129    22 546 220819 5349 2 2 2 2  61 23125 28725924952 1  413921  1  545
28685 7 5412238 19  5 17
9 62 23 48 1 4 1 1 2  79485967 8 8 437 22247 0 544 22275 15260 5 782629271323140 9075552
29 26  4  8352 44142 442 24871 27743 62 5
3  8 1 2 1 5 94591 2203201 60  29554 224 2 381452  1 269453178854198   6 2804672 1539  15
224 4542 4 2   
42  27 229 751  8441217864222031 1833 3 01 382 7 13  131294431 2 0 2 732 21130 5 235 032455  5024225458197 7
8452 1   52511513  2 11341  4
 0 27 452
 1   2 041 7843152 8404175 522 106 77   9683 2 292310748 20944  2244 66387  665
82  4431607  2 
 331 
45223178 1326744 68345 958 22243 1 8 751 85545022 4122 031 94411 2 635528840   8 1  4869220 41 6 5 2 84
 13 205572
